B =

 Columns 1 through 10:

  -1.0562e-08   2.2032e-08  -2.5176e-07   1.1921e-06   1.4404e-05  -3.4706e-04  -1.2744e-03  -1.3031e-03  -1.7552e-03  -3.1411e-03
   2.1941e-09  -4.9578e-07   1.7293e-05  -5.4031e-05  -1.0992e-03   2.0876e-03   1.0559e-02   8.6946e-03   1.6627e-02   3.5007e-02
  -6.9222e-06   7.9675e-05   4.3031e-04  -1.4305e-03   7.4045e-03   4.4284e-02   1.1271e-01   1.6060e-01   1.4750e-01   6.1744e-02
   8.8828e-05  -7.4062e-04  -4.3187e-03   1.2197e-02   5.8328e-02   7.9680e-02   2.2933e-01   3.3810e-01   2.2948e-01   3.6614e-02
  -2.4274e-04  -4.3042e-04  -2.4428e-02   4.0218e-02   1.1735e-01   1.1105e-01   1.1287e-01   6.8657e-02   1.8970e-02  -1.8916e-01
  -2.7096e-03   2.1556e-03  -4.2968e-02   6.1073e-02   1.9463e-01   3.8087e-02  -1.4237e-02   1.3366e-02  -2.5371e-03  -3.7750e-02
   1.4576e-03   9.2708e-03  -2.3417e-02   2.0042e-02   2.1917e-02   5.2890e-02   1.6813e-02   3.8403e-02  -9.4578e-03   8.3218e-02
   2.4603e-03   1.5070e-02   4.8786e-02   9.0977e-02  -2.8499e-02  -1.0832e-02   8.2959e-02  -6.3422e-03  -8.8579e-02  -1.4641e-01
   7.1363e-04   7.3689e-03   1.2556e-01   1.6352e-01   6.5111e-02  -7.1453e-02   1.3085e-01  -1.0285e-01  -2.6943e-01  -2.1699e-01
  -5.7008e-04   7.6631e-03   7.7785e-02   1.0668e-01  -2.9485e-02  -2.1472e-02   7.5266e-02  -3.6473e-02  -4.7461e-02  -3.8250e-01
  -2.3146e-04   6.3858e-04   3.9892e-02   5.6030e-02  -2.4762e-02   2.3739e-01   7.4428e-02  -2.1433e-01  -2.8380e-01  -4.1258e-01
   5.1291e-04  -8.6666e-03   3.3455e-02   6.7354e-02   8.1433e-02   2.6706e-01   1.4378e-01  -1.8897e-01  -1.6142e-01  -3.0639e-02
   1.1340e-03  -1.3695e-02  -2.1631e-02  -1.0795e-02  -9.8776e-02   7.1179e-03   1.2525e-01  -8.2143e-02   2.4720e-01   5.6244e-01
   3.6259e-04  -1.8024e-03  -9.3317e-02  -1.0850e-01  -1.4737e-01  -3.3871e-01  -1.8842e-01  -4.1503e-02   3.8660e-01   4.2124e-01
   4.1217e-04  -1.9855e-03  -9.1493e-02  -2.0781e-01  -2.5639e-01  -4.7782e-01  -3.9125e-01  -2.9392e-01   1.8194e-02   1.3659e-01
   1.3213e-04  -1.3385e-03  -2.3992e-03  -4.4460e-02  -2.7775e-01  -2.6704e-01  -1.2249e-01  -1.8654e-01  -1.3753e-01   6.1879e-02
   1.3773e-04   4.1180e-05  -2.5692e-02  -5.9723e-02  -1.2267e-01   1.8304e-02  -9.3521e-02  -3.4693e-01  -3.8459e-01  -5.1006e-01
   1.0759e-05   3.6152e-03  -7.6660e-02  -1.5556e-01  -7.6779e-02   1.3124e-01   1.8374e-02  -1.3582e-01  -1.3061e-01  -2.1602e-01
  -2.1216e-06   3.2737e-04  -3.3772e-03  -2.3415e-03   3.4113e-02   1.1509e-01   1.4895e-01   2.4076e-01   2.8447e-01   1.4479e-01
   1.1419e-09  -1.0261e-04   4.8785e-04   8.8220e-03   1.3229e-02   1.8285e-02   2.6470e-02   2.7232e-02   5.5876e-02   6.2013e-02

 Columns 11 through 20:

  -3.6241e-03  -3.1863e-03  -5.0081e-03  -3.6445e-03  -5.6364e-04  -9.0361e-04  -4.2135e-04  -1.1880e-04   6.0512e-06  -6.8786e-09
   4.1260e-02   5.8359e-02   6.2496e-02   4.4356e-02   2.1705e-02   1.0336e-02   4.7278e-03   2.8575e-03   5.0083e-04  -5.1735e-05
  -3.6728e-02   3.7364e-02   1.2359e-01   1.4841e-01   1.8333e-01   1.2122e-01   2.5903e-02  -1.7114e-02  -5.5859e-03   4.3960e-04
  -2.3116e-02  -2.1932e-01  -8.9558e-02  -6.4224e-02   3.1034e-02  -1.2939e-02  -7.4824e-02  -5.1938e-02  -1.1567e-02   3.1559e-03
  -1.5293e-01  -2.6232e-01  -2.2503e-01  -2.9191e-01  -2.4141e-01  -3.7315e-01  -3.0012e-01  -1.6494e-01  -5.7433e-02  -2.1810e-02
  -2.0943e-01  -5.2824e-02  -3.3013e-02  -3.0077e-01  -1.5808e-01  -2.6699e-01  -4.3248e-01  -2.8154e-01  -1.2454e-01  -2.6607e-02
  -2.9182e-02  -1.3029e-01  -2.3637e-01  -2.4609e-01   1.9944e-02  -2.6456e-01  -3.7357e-01  -3.8765e-01  -1.4220e-01  -1.3881e-02
  -3.1601e-01  -1.8860e-01  -1.1434e-02   7.7308e-02   1.7053e-01  -7.5699e-02  -2.6858e-01  -2.4382e-01  -1.2366e-01  -4.9566e-03
  -3.8129e-01   1.0836e-01   3.1555e-01   1.3159e-01   4.5881e-01   3.5028e-01  -9.2492e-02  -7.7968e-02  -4.2465e-02  -1.2470e-02
  -5.2706e-01   2.4172e-01   3.7854e-01   2.3965e-01   3.7754e-01   3.2409e-01  -4.6644e-02  -1.9416e-02   1.1790e-02   3.5674e-04
   1.5231e-02   4.6720e-01   2.6582e-01   2.1035e-01   3.8076e-01   3.1658e-01  -3.9711e-02  -7.5236e-02   2.4985e-02   5.3134e-04
   3.4206e-01   6.2568e-01   4.0347e-01   2.3098e-01   1.5305e-01   1.0960e-01   3.5542e-02  -6.7880e-02   5.1021e-02   4.6986e-03
   6.0711e-01   2.4854e-01   9.2674e-02   1.7969e-01   9.7353e-02  -1.5187e-01   9.9102e-02   1.1788e-01   7.5661e-02   2.2161e-03
   2.3522e-01   1.4356e-01   3.5694e-02  -1.3858e-01  -6.7540e-02  -1.0053e-01   8.4461e-02   1.8682e-01   4.0791e-02  -9.4708e-03
   2.0606e-01   3.3856e-01  -1.7717e-02  -1.0585e-01   1.5785e-02  -4.1420e-02   2.4398e-02   2.6626e-03   1.4323e-03  -9.8458e-04
  -1.2500e-01  -1.2460e-01  -1.9177e-01  -1.5826e-01  -5.6364e-02  -4.3269e-02  -4.8257e-02  -4.7259e-02  -3.1058e-02   2.0476e-03
  -4.1993e-01  -2.9781e-01  -3.5763e-01  -3.3326e-01  -1.8962e-01  -3.7854e-02  -3.5375e-02   1.2513e-02  -6.5469e-03   6.2806e-04
   2.3879e-02   5.2114e-02   2.7995e-02  -1.0025e-01  -2.6246e-02   3.0320e-02   1.2564e-02   1.8137e-02   1.7570e-04  -1.3053e-05
   2.5249e-01   2.1443e-01   1.6242e-01   1.1082e-01   4.5885e-02   8.0820e-02   2.5793e-02   6.6011e-03  -5.9812e-04  -5.0418e-06
   4.3618e-02   2.1472e-02   3.3807e-02   2.5226e-02  -4.6403e-03   8.1115e-02   2.8540e-02  -2.6759e-03  -7.6070e-05   2.8046e-09

